0.000000000000000000e+00 2.680919473416270904e+01
1.000000000000000000e+00 2.351435430209817667e+01
2.000000000000000000e+00 2.681694588836762350e+01
3.000000000000000000e+00 2.033015522939183128e+01
4.000000000000000000e+00 2.548454341316911709e+01
5.000000000000000000e+00 2.859371692882434957e+01
6.000000000000000000e+00 2.041077670294869506e+01
7.000000000000000000e+00 1.951254618769377913e+01
8.000000000000000000e+00 2.360927593528220569e+01
9.000000000000000000e+00 2.503106996106160409e+01
1.000000000000000000e+01 2.440566785575339281e+01
1.100000000000000000e+01 1.906246127587341377e+01
1.200000000000000000e+01 2.547401322590147998e+01
1.300000000000000000e+01 2.498018292925795691e+01
1.400000000000000000e+01 2.487194989499397835e+01
1.500000000000000000e+01 2.258525849738205693e+01
1.600000000000000000e+01 2.740251984492245185e+01
1.700000000000000000e+01 3.166098833070723018e+01
1.800000000000000000e+01 3.059132655976462445e+01
1.900000000000000000e+01 2.915607726643829523e+01
2.000000000000000000e+01 2.787914782895939325e+01
2.100000000000000000e+01 2.414153049953620922e+01
2.200000000000000000e+01 2.221609956440645561e+01
2.300000000000000000e+01 2.774795335452167677e+01
2.400000000000000000e+01 2.019559885977810865e+01
2.500000000000000000e+01 3.350356419359703608e+01
2.600000000000000000e+01 2.439551962880296898e+01
2.700000000000000000e+01 2.596129566601089422e+01
2.800000000000000000e+01 2.506378908920815007e+01
2.900000000000000000e+01 2.752969110817975462e+01
3.000000000000000000e+01 3.119878726696315852e+01
3.100000000000000000e+01 2.439362427978131009e+01
3.200000000000000000e+01 2.184332402799809003e+01
3.300000000000000000e+01 1.891555286931413704e+01
3.400000000000000000e+01 2.354458482697531707e+01
3.500000000000000000e+01 2.663151933833768226e+01
3.600000000000000000e+01 2.672002025010515780e+01
3.700000000000000000e+01 2.788627049409077330e+01
3.800000000000000000e+01 1.988303478334929153e+01
3.900000000000000000e+01 2.896523937819333483e+01
4.000000000000000000e+01 2.945465710262330461e+01
4.100000000000000000e+01 2.690533244071542995e+01
4.200000000000000000e+01 2.500438554354040122e+01
4.300000000000000000e+01 2.888152969301284401e+01
4.400000000000000000e+01 3.397483144140640832e+01
4.500000000000000000e+01 2.428472830340268374e+01
4.600000000000000000e+01 2.852291927127107130e+01
4.700000000000000000e+01 3.058997345620538155e+01
4.800000000000000000e+01 2.887033283988375132e+01
4.900000000000000000e+01 1.870684192835121706e+01
5.000000000000000000e+01 2.745669246697130816e+01
5.100000000000000000e+01 3.230624051353883175e+01
5.200000000000000000e+01 2.886999333484687469e+01
5.300000000000000000e+01 2.725357318435830933e+01
5.400000000000000000e+01 3.356541653083970544e+01
5.500000000000000000e+01 3.171779710887799908e+01
5.600000000000000000e+01 2.693076518499119487e+01
5.700000000000000000e+01 2.859494822681220327e+01
5.800000000000000000e+01 3.535195098771168887e+01
5.900000000000000000e+01 2.938045827205441896e+01
6.000000000000000000e+01 2.870383077552802575e+01
6.100000000000000000e+01 3.397435981187861387e+01
6.200000000000000000e+01 3.033238434650431259e+01
6.300000000000000000e+01 3.046361916542339543e+01
6.400000000000000000e+01 2.694333648143234328e+01
6.500000000000000000e+01 3.085624539115124065e+01
6.600000000000000000e+01 2.001218078764941311e+01
6.700000000000000000e+01 3.787785743450933751e+01
6.800000000000000000e+01 3.399090423434095953e+01
6.900000000000000000e+01 3.334436527263804351e+01
7.000000000000000000e+01 2.981135032530609763e+01
7.100000000000000000e+01 3.303409854590868377e+01
7.200000000000000000e+01 2.648256822954988365e+01
7.300000000000000000e+01 3.681503479398178769e+01
7.400000000000000000e+01 2.971617517264467523e+01
7.500000000000000000e+01 2.915968995860261970e+01
7.600000000000000000e+01 3.069511088010387567e+01
7.700000000000000000e+01 2.841664675799248485e+01
7.800000000000000000e+01 3.546457972193159236e+01
7.900000000000000000e+01 3.049776352241437749e+01
8.000000000000000000e+01 2.848000192648170525e+01
8.100000000000000000e+01 3.170193054450696835e+01
8.200000000000000000e+01 3.640390207447941151e+01
8.300000000000000000e+01 2.640817462157293960e+01
8.400000000000000000e+01 2.370474087114347483e+01
8.500000000000000000e+01 3.329094497739011871e+01
8.600000000000000000e+01 2.881843358237004793e+01
8.700000000000000000e+01 3.735174276921345182e+01
8.800000000000000000e+01 2.523151012068184684e+01
8.900000000000000000e+01 3.549256899081605354e+01
9.000000000000000000e+01 3.143610498030443168e+01
9.100000000000000000e+01 3.687923561110642368e+01
9.200000000000000000e+01 3.526288507193303445e+01
9.300000000000000000e+01 2.825494433985937448e+01
9.400000000000000000e+01 3.027455685622397397e+01
9.500000000000000000e+01 3.999326924940192640e+01
9.600000000000000000e+01 4.231318062498309018e+01
9.700000000000000000e+01 3.128276070749320326e+01
9.800000000000000000e+01 2.778627286269087548e+01
9.900000000000000000e+01 3.169451954895134094e+01
1.000000000000000000e+02 3.788630181528958474e+01
1.010000000000000000e+02 3.010850588673435624e+01
1.020000000000000000e+02 3.534844572515519445e+01
1.030000000000000000e+02 3.323526642386385532e+01
1.040000000000000000e+02 3.787464715139499560e+01
1.050000000000000000e+02 3.347172898666108409e+01
1.060000000000000000e+02 3.534068066906223038e+01
1.070000000000000000e+02 3.778719818396096031e+01
1.080000000000000000e+02 3.473958401569514365e+01
1.090000000000000000e+02 3.480655668411034753e+01
1.100000000000000000e+02 3.379073430006054934e+01
1.110000000000000000e+02 3.692610950425626015e+01
1.120000000000000000e+02 3.405113957388586243e+01
1.130000000000000000e+02 3.523971995976885552e+01
1.140000000000000000e+02 3.816214028907809563e+01
1.150000000000000000e+02 3.387326625049117013e+01
1.160000000000000000e+02 3.571115130747583777e+01
1.170000000000000000e+02 3.637730066539053553e+01
1.180000000000000000e+02 3.569736348358753730e+01
1.190000000000000000e+02 3.315999882332766902e+01
1.200000000000000000e+02 3.315175001228563190e+01
1.210000000000000000e+02 3.458355771795503841e+01
1.220000000000000000e+02 3.084642072677871383e+01
1.230000000000000000e+02 4.147714641498281196e+01
1.240000000000000000e+02 3.449268419777688166e+01
1.250000000000000000e+02 3.814822093803172010e+01
1.260000000000000000e+02 3.882473053532896756e+01
1.270000000000000000e+02 3.820588204267942700e+01
1.280000000000000000e+02 4.028818716216657236e+01
1.290000000000000000e+02 3.668948086204134285e+01
1.300000000000000000e+02 3.262400293871449009e+01
1.310000000000000000e+02 3.634509140629142365e+01
1.320000000000000000e+02 3.447965002868573237e+01
1.330000000000000000e+02 3.068549548123403881e+01
1.340000000000000000e+02 3.804305625346813713e+01
1.350000000000000000e+02 3.765311293306608320e+01
1.360000000000000000e+02 3.264645649811049566e+01
1.370000000000000000e+02 3.783257661450020493e+01
1.380000000000000000e+02 3.243290950222444735e+01
1.390000000000000000e+02 3.061463254171260928e+01
1.400000000000000000e+02 3.006460386324474143e+01
1.410000000000000000e+02 3.184213504730714206e+01
1.420000000000000000e+02 2.857226948911210940e+01
1.430000000000000000e+02 4.015050339191726181e+01
1.440000000000000000e+02 3.735604354347094613e+01
1.450000000000000000e+02 3.644262320286532031e+01
1.460000000000000000e+02 3.928530219453519123e+01
1.470000000000000000e+02 3.887804672320562815e+01
1.480000000000000000e+02 4.036134277434533146e+01
1.490000000000000000e+02 3.055509688882018793e+01
1.500000000000000000e+02 4.307865096017118134e+01
1.510000000000000000e+02 3.962744752889000210e+01
1.520000000000000000e+02 3.565201626911022004e+01
1.530000000000000000e+02 3.396487845576778142e+01
1.540000000000000000e+02 4.039536647099945554e+01
1.550000000000000000e+02 4.065576513586783847e+01
1.560000000000000000e+02 4.044399031372050501e+01
1.570000000000000000e+02 3.923022783412959313e+01
1.580000000000000000e+02 4.135329480356486442e+01
1.590000000000000000e+02 3.783181735337221596e+01
1.600000000000000000e+02 3.813581918984914410e+01
1.610000000000000000e+02 4.506230283854664265e+01
1.620000000000000000e+02 4.284683832669772841e+01
1.630000000000000000e+02 3.518919844157036181e+01
1.640000000000000000e+02 3.421360322911365870e+01
1.650000000000000000e+02 4.727037862251478373e+01
1.660000000000000000e+02 3.106665084880418704e+01
1.670000000000000000e+02 4.001437673228301151e+01
1.680000000000000000e+02 4.506819793602789304e+01
1.690000000000000000e+02 4.334388026875518563e+01
1.700000000000000000e+02 4.016117601171940521e+01
1.710000000000000000e+02 3.553283279511080650e+01
1.720000000000000000e+02 3.195696223070742192e+01
1.730000000000000000e+02 4.369425222718833624e+01
1.740000000000000000e+02 4.364924705205613975e+01
1.750000000000000000e+02 4.498879716548735530e+01
1.760000000000000000e+02 4.139512536085705108e+01
1.770000000000000000e+02 3.911580029059459207e+01
1.780000000000000000e+02 4.587013898394161515e+01
1.790000000000000000e+02 3.801850281299341816e+01
1.800000000000000000e+02 4.047769490380638047e+01
1.810000000000000000e+02 4.504324704245790656e+01
1.820000000000000000e+02 4.420730811075805633e+01
1.830000000000000000e+02 4.367908266484975854e+01
1.840000000000000000e+02 4.244210176888100250e+01
1.850000000000000000e+02 4.063537211229859736e+01
1.860000000000000000e+02 3.373124884882059860e+01
1.870000000000000000e+02 4.082087320501209149e+01
1.880000000000000000e+02 4.631997912070845302e+01
1.890000000000000000e+02 3.830473064574405839e+01
1.900000000000000000e+02 3.881004303323430804e+01
1.910000000000000000e+02 4.418334620081977704e+01
1.920000000000000000e+02 4.559143903042618717e+01
1.930000000000000000e+02 3.874647627108911507e+01
1.940000000000000000e+02 3.770668314476518646e+01
1.950000000000000000e+02 4.660277819984997905e+01
1.960000000000000000e+02 4.342804645111587547e+01
1.970000000000000000e+02 3.919575789858222947e+01
1.980000000000000000e+02 4.087607670932294468e+01
1.990000000000000000e+02 4.683369052940194166e+01
